1.0000 0.7658 0.7643 0.8214 0.7160 0.7858 0.7807 0.7348 0.7792 0.6286 0.7159 0.7697 0.7201 0.7277 0.7488 0.6568 0.7064 0.6981 0.7949 0.6674 0.0234 0.0038 -0.0015 0.0039 0.0102 0.0013 0.0092 0.0086 0.0118 0.0150 0.0107 0.0147 0.0017 0.0220 0.0105 0.0267 0.0060 0.0081 0.0124 0.0102 0.0061 -0.0032 0.0089 0.0025 0.0105 0.0080 0.0166 0.0155 -0.0013 0.0213 0.0118 0.0069 0.0171 0.0119 0.0167 0.0232 0.0119 0.0074 0.0128 0.0053
0.7658 1.0000 0.7913 0.8462 0.7428 0.8130 0.8046 0.7578 0.8012 0.6630 0.7400 0.8083 0.7443 0.7596 0.7783 0.6821 0.7289 0.7209 0.8237 0.6857 0.0232 -0.0037 0.0049 0.0121 0.0082 0.0014 0.0015 0.0069 0.0119 0.0053 0.0154 0.0135 0.0071 0.0214 0.0132 0.0228 0.0045 0.0082 0.0141 0.0139 0.0150 0.0043 0.0121 0.0089 0.0227 0.0109 0.0169 0.0178 -0.0004 0.0198 0.0129 0.0096 0.0168 0.0133 0.0211 0.0196 0.0140 0.0113 0.0163 0.0120
0.7643 0.7913 1.0000 0.8391 0.7353 0.8105 0.8025 0.7551 0.7972 0.6570 0.7365 0.7959 0.7415 0.7491 0.7739 0.6696 0.7197 0.7202 0.8178 0.6785 0.0195 -0.0040 -0.0054 -0.0048 0.0001 -0.0015 0.0011 -0.0053 0.0041 0.0033 0.0089 0.0091 -0.0086 0.0150 0.0021 0.0085 -0.0039 0.0010 0.0036 0.0086 0.0177 0.0095 0.0175 0.0117 0.0150 0.0150 0.0166 0.0183 0.0049 0.0278 0.0184 0.0163 0.0235 0.0163 0.0208 0.0328 0.0239 0.0144 0.0161 0.0125
0.8214 0.8462 0.8391 1.0000 0.7861 0.8654 0.8549 0.8096 0.8527 0.7032 0.7883 0.8531 0.7937 0.8046 0.8286 0.7206 0.7736 0.7645 0.8755 0.7330 0.0206 -0.0078 -0.0024 0.0063 0.0054 0.0011 0.0013 0.0014 0.0086 0.0061 0.0149 0.0092 -0.0015 0.0200 0.0070 0.0158 0.0006 0.0017 0.0088 0.0072 0.0129 0.0048 0.0108 0.0011 0.0149 0.0072 0.0160 0.0165 0.0054 0.0231 0.0183 0.0121 0.0206 0.0136 0.0209 0.0260 0.0167 0.0104 0.0180 0.0105
0.7160 0.7428 0.7353 0.7861 1.0000 0.7494 0.7467 0.7081 0.7439 0.6092 0.6859 0.7433 0.6914 0.6978 0.7222 0.6250 0.6723 0.6756 0.7634 0.6366 0.0188 -0.0108 -0.0050 0.0054 0.0013 -0.0029 -0.0013 -0.0001 0.0068 0.0046 0.0035 -0.0009 -0.0057 0.0086 0.0023 0.0088 -0.0071 0.0008 0.0011 0.0008 0.0089 0.0064 0.0185 0.0060 0.0165 0.0177 0.0143 0.0197 0.0053 0.0200 0.0167 0.0079 0.0198 0.0112 0.0211 0.0243 0.0133 0.0133 0.0127 0.0145
0.7858 0.8130 0.8105 0.8654 0.7494 1.0000 0.8249 0.7774 0.8179 0.6761 0.7542 0.8192 0.7652 0.7707 0.7928 0.6908 0.7383 0.7392 0.8406 0.7045 0.0219 -0.0101 -0.0016 0.0032 0.0063 -0.0099 0.0031 0.0038 0.0043 0.0067 0.0143 0.0070 -0.0017 0.0124 0.0050 0.0160 -0.0010 0.0059 0.0066 0.0066 0.0094 0.0047 0.0152 0.0104 0.0119 0.0165 0.0172 0.0151 0.0033 0.0235 0.0190 0.0121 0.0152 0.0171 0.0234 0.0262 0.0189 0.0125 0.0163 0.0125
0.7807 0.8046 0.8025 0.8549 0.7467 0.8249 1.0000 0.7729 0.8105 0.6680 0.7496 0.8118 0.7553 0.7610 0.7872 0.6823 0.7335 0.7286 0.8339 0.6941 0.0189 -0.0082 0.0012 0.0000 0.0036 -0.0064 -0.0001 -0.0024 0.0038 0.0022 0.0041 0.0034 -0.0061 0.0134 0.0016 0.0098 -0.0045 0.0033 0.0094 0.0075 0.0179 0.0120 0.0235 0.0111 0.0256 0.0134 0.0245 0.0227 0.0138 0.0316 0.0250 0.0178 0.0231 0.0193 0.0255 0.0293 0.0271 0.0206 0.0279 0.0156
0.7348 0.7578 0.7551 0.8096 0.7081 0.7774 0.7729 1.0000 0.7655 0.6279 0.7034 0.7608 0.7118 0.7159 0.7470 0.6507 0.6905 0.6824 0.7850 0.6576 0.0182 -0.0126 0.0016 0.0052 0.0040 0.0002 -0.0021 -0.0024 0.0065 0.0021 0.0075 0.0026 0.0029 0.0136 0.0037 0.0128 -0.0028 0.0106 0.0109 0.0037 0.0050 -0.0006 0.0109 -0.0003 0.0098 0.0111 0.0165 0.0176 -0.0018 0.0174 0.0135 0.0054 0.0116 0.0056 0.0192 0.0208 0.0155 0.0103 0.0100 0.0095
0.7792 0.8012 0.7972 0.8527 0.7439 0.8179 0.8105 0.7655 1.0000 0.6584 0.7501 0.8071 0.7550 0.7626 0.7848 0.6827 0.7332 0.7256 0.8294 0.6903 0.0168 -0.0072 -0.0041 -0.0049 0.0025 -0.0057 0.0011 -0.0043 0.0036 0.0032 0.0084 0.0116 -0.0100 0.0151 0.0024 0.0108 -0.0052 -0.0005 0.0021 0.0050 0.0120 0.0038 0.0138 0.0059 0.0108 0.0139 0.0174 0.0166 0.0057 0.0205 0.0161 0.0094 0.0143 0.0088 0.0195 0.0257 0.0177 0.0100 0.0160 0.0136
0.6286 0.6630 0.6570 0.7032 0.6092 0.6761 0.6680 0.6279 0.6584 1.0000 0.6131 0.6689 0.6163 0.6213 0.6419 0.5463 0.5929 0.5963 0.6781 0.5706 0.0171 -0.0014 0.0035 0.0081 0.0117 0.0051 0.0164 0.0056 0.0162 0.0135 0.0211 0.0139 0.0135 0.0208 0.0117 0.0142 0.0060 0.0053 0.0099 0.0143 0.0057 0.0116 0.0104 0.0097 0.0065 0.0080 0.0173 0.0171 0.0095 0.0211 0.0128 0.0043 0.0159 0.0089 0.0251 0.0182 0.0117 0.0098 0.0132 0.0108
0.7159 0.7400 0.7365 0.7883 0.6859 0.7542 0.7496 0.7034 0.7501 0.6131 1.0000 0.7456 0.6936 0.6955 0.7250 0.6324 0.6738 0.6724 0.7628 0.6377 0.0119 -0.0058 -0.0080 -0.0036 -0.0057 -0.0150 -0.0053 -0.0050 0.0058 -0.0013 0.0026 0.0034 -0.0150 0.0075 0.0004 0.0057 -0.0092 -0.0047 -0.0018 -0.0004 0.0084 0.0064 0.0196 0.0040 0.0201 0.0120 0.0180 0.0146 0.0055 0.0192 0.0182 0.0122 0.0173 0.0160 0.0255 0.0180 0.0197 0.0134 0.0204 0.0095
0.7697 0.8083 0.7959 0.8531 0.7433 0.8192 0.8118 0.7608 0.8071 0.6689 0.7456 1.0000 0.7480 0.7542 0.7861 0.6785 0.7315 0.7212 0.8288 0.6900 0.0229 -0.0021 0.0101 0.0040 0.0086 -0.0057 0.0106 0.0077 0.0110 0.0064 0.0155 0.0111 0.0031 0.0169 0.0148 0.0235 0.0017 0.0116 0.0113 0.0170 0.0105 0.0007 0.0097 0.0063 0.0229 0.0081 0.0129 0.0145 0.0013 0.0212 0.0170 0.0081 0.0191 0.0109 0.0169 0.0232 0.0147 0.0076 0.0144 0.0113
0.7201 0.7443 0.7415 0.7937 0.6914 0.7652 0.7553 0.7118 0.7550 0.6163 0.6936 0.7480 1.0000 0.7107 0.7334 0.6365 0.6770 0.6840 0.7745 0.6462 0.0105 -0.0167 -0.0081 -0.0101 -0.0043 -0.0130 -0.0018 -0.0104 -0.0015 -0.0062 0.0058 -0.0032 -0.0050 0.0055 -0.0026 -0.0031 -0.0130 -0.0039 -0.0012 0.0017 0.0091 0.0057 0.0120 0.0073 0.0191 0.0174 0.0197 0.0224 0.0076 0.0240 0.0176 0.0136 0.0260 0.0198 0.0221 0.0285 0.0194 0.0124 0.0212 0.0185
0.7277 0.7596 0.7491 0.8046 0.6978 0.7707 0.7610 0.7159 0.7626 0.6213 0.6955 0.7542 0.7107 1.0000 0.7388 0.6453 0.6870 0.6854 0.7807 0.6551 0.0193 -0.0013 -0.0076 0.0006 0.0011 -0.0077 -0.0070 -0.0023 0.0060 -0.0011 0.0128 0.0154 0.0034 0.0128 0.0055 0.0115 -0.0036 0.0038 0.0069 0.0066 0.0084 -0.0006 0.0106 0.0031 0.0064 0.0038 0.0069 0.0085 0.0022 0.0125 0.0072 -0.0009 0.0148 0.0092 0.0196 0.0193 0.0039 0.0051 0.0143 -0.0042
0.7488 0.7783 0.7739 0.8286 0.7222 0.7928 0.7872 0.7470 0.7848 0.6419 0.7250 0.7861 0.7334 0.7388 1.0000 0.6581 0.7151 0.7040 0.8057 0.6759 0.0210 -0.0063 0.0005 -0.0018 0.0036 0.0002 0.0049 0.0044 0.0130 0.0022 0.0134 0.0108 0.0020 0.0248 0.0104 0.0181 -0.0030 0.0058 0.0095 0.0096 0.0124 0.0095 0.0193 0.0116 0.0186 0.0154 0.0193 0.0235 0.0120 0.0265 0.0231 0.0202 0.0222 0.0215 0.0300 0.0338 0.0248 0.0193 0.0219 0.0149
0.6568 0.6821 0.6696 0.7206 0.6250 0.6908 0.6823 0.6507 0.6827 0.5463 0.6324 0.6785 0.6365 0.6453 0.6581 1.0000 0.6168 0.6153 0.6958 0.5893 0.0170 0.0059 0.0060 -0.0036 0.0048 0.0003 -0.0037 0.0084 0.0079 0.0040 0.0131 0.0081 0.0027 0.0206 0.0028 0.0166 0.0012 0.0080 0.0123 0.0068 -0.0022 -0.0030 0.0092 -0.0021 0.0069 0.0150 0.0061 0.0082 -0.0002 0.0151 0.0093 0.0123 0.0056 0.0103 0.0136 0.0173 0.0071 0.0044 0.0123 0.0072
0.7064 0.7289 0.7197 0.7736 0.6723 0.7383 0.7335 0.6905 0.7332 0.5929 0.6738 0.7315 0.6770 0.6870 0.7151 0.6168 1.0000 0.6608 0.7496 0.6252 0.0206 0.0002 -0.0013 0.0042 0.0064 0.0006 0.0078 0.0018 0.0104 0.0068 0.0174 0.0102 -0.0004 0.0122 0.0023 0.0059 -0.0012 0.0097 0.0057 0.0120 0.0139 0.0034 0.0214 0.0132 0.0170 0.0116 0.0152 0.0174 0.0066 0.0184 0.0170 0.0139 0.0148 0.0149 0.0211 0.0267 0.0260 0.0130 0.0189 0.0145
0.6981 0.7209 0.7202 0.7645 0.6756 0.7392 0.7286 0.6824 0.7256 0.5963 0.6724 0.7212 0.6840 0.6854 0.7040 0.6153 0.6608 1.0000 0.7423 0.6158 0.0042 -0.0144 -0.0032 -0.0107 -0.0044 -0.0121 -0.0049 -0.0063 -0.0055 -0.0084 -0.0014 -0.0005 -0.0119 0.0058 -0.0076 0.0014 -0.0079 -0.0047 0.0004 -0.0010 0.0139 0.0086 0.0144 0.0070 0.0260 0.0180 0.0211 0.0226 0.0176 0.0242 0.0197 0.0182 0.0208 0.0170 0.0269 0.0254 0.0197 0.0126 0.0182 0.0168
0.7949 0.8237 0.8178 0.8755 0.7634 0.8406 0.8339 0.7850 0.8294 0.6781 0.7628 0.8288 0.7745 0.7807 0.8057 0.6958 0.7496 0.7423 1.0000 0.7039 0.0235 -0.0035 0.0015 0.0030 0.0098 0.0004 0.0033 0.0070 0.0148 0.0120 0.0147 0.0152 0.0007 0.0154 0.0102 0.0179 0.0006 0.0107 0.0125 0.0132 0.0102 0.0021 0.0080 0.0061 0.0150 0.0128 0.0160 0.0162 -0.0003 0.0208 0.0146 0.0094 0.0175 0.0108 0.0212 0.0282 0.0190 0.0108 0.0160 0.0089
0.6674 0.6857 0.6785 0.7330 0.6366 0.7045 0.6941 0.6576 0.6903 0.5706 0.6377 0.6900 0.6462 0.6551 0.6759 0.5893 0.6252 0.6158 0.7039 1.0000 0.0253 -0.0040 0.0074 0.0152 0.0118 0.0002 0.0050 0.0025 0.0130 0.0106 0.0104 0.0006 0.0080 0.0267 0.0071 0.0171 0.0070 0.0124 0.0115 0.0090 0.0092 0.0054 0.0135 0.0031 0.0178 0.0175 0.0149 0.0146 0.0118 0.0221 0.0080 0.0095 0.0222 0.0052 0.0134 0.0261 0.0122 0.0073 0.0222 0.0092
0.0234 0.0232 0.0195 0.0206 0.0188 0.0219 0.0189 0.0182 0.0168 0.0171 0.0119 0.0229 0.0105 0.0193 0.0210 0.0170 0.0206 0.0042 0.0235 0.0253 1.0000 0.6924 0.6832 0.6784 0.8265 0.6767 0.6723 0.7968 0.7534 0.6878 0.6991 0.7298 0.7062 0.6787 0.7933 0.7275 0.8112 0.7493 0.7404 0.7810 0.0133 0.0039 0.0059 0.0024 0.0101 0.0113 0.0051 0.0080 0.0143 0.0159 0.0023 0.0074 0.0153 0.0065 0.0066 0.0101 0.0148 0.0027 -0.0016 0.0100
0.0038 -0.0037 -0.0040 -0.0078 -0.0108 -0.0101 -0.0082 -0.0126 -0.0072 -0.0014 -0.0058 -0.0021 -0.0167 -0.0013 -0.0063 0.0059 0.0002 -0.0144 -0.0035 -0.0040 0.6924 1.0000 0.5963 0.5989 0.7301 0.5929 0.5876 0.7010 0.6640 0.6052 0.6148 0.6509 0.6204 0.6054 0.7002 0.6381 0.7179 0.6595 0.6483 0.6881 -0.0076 0.0003 0.0062 -0.0076 0.0035 -0.0014 -0.0060 0.0001 0.0008 0.0027 -0.0084 -0.0042 -0.0020 -0.0016 -0.0003 0.0030 0.0021 -0.0089 -0.0053 -0.0067
-0.0015 0.0049 -0.0054 -0.0024 -0.0050 -0.0016 0.0012 0.0016 -0.0041 0.0035 -0.0080 0.0101 -0.0081 -0.0076 0.0005 0.0060 -0.0013 -0.0032 0.0015 0.0074 0.6832 0.5963 1.0000 0.5852 0.7184 0.5848 0.5797 0.6896 0.6525 0.6050 0.6044 0.6393 0.6064 0.5888 0.6928 0.6249 0.6962 0.6496 0.6319 0.6737 0.0023 0.0036 0.0101 -0.0004 0.0060 0.0049 -0.0005 0.0009 0.0066 0.0071 -0.0022 0.0004 0.0117 -0.0032 0.0018 0.0076 0.0056 -0.0043 0.0037 0.0086
0.0039 0.0121 -0.0048 0.0063 0.0054 0.0032 0.0000 0.0052 -0.0049 0.0081 -0.0036 0.0040 -0.0101 0.0006 -0.0018 -0.0036 0.0042 -0.0107 0.0030 0.0152 0.6784 0.5989 0.5852 1.0000 0.7114 0.5741 0.5842 0.6778 0.6528 0.5893 0.5916 0.6268 0.6108 0.5892 0.6789 0.6199 0.6898 0.6427 0.6354 0.6708 0.0006 0.0086 0.0099 -0.0009 0.0053 0.0010 -0.0024 -0.0001 0.0056 0.0134 -0.0007 -0.0025 0.0010 -0.0014 0.0041 0.0091 0.0067 0.0011 0.0008 0.0080
0.0102 0.0082 0.0001 0.0054 0.0013 0.0063 0.0036 0.0040 0.0025 0.0117 -0.0057 0.0086 -0.0043 0.0011 0.0036 0.0048 0.0064 -0.0044 0.0098 0.0118 0.8265 0.7301 0.7184 0.7114 1.0000 0.7004 0.7010 0.8311 0.7930 0.7168 0.7326 0.7639 0.7352 0.7160 0.8330 0.7630 0.8478 0.7797 0.7754 0.8196 0.0095 0.0046 0.0083 0.0027 0.0124 0.0223 0.0032 0.0076 0.0091 0.0108 0.0016 0.0008 0.0027 0.0029 0.0076 0.0088 0.0168 0.0022 0.0011 0.0090
0.0013 0.0014 -0.0015 0.0011 -0.0029 -0.0099 -0.0064 0.0002 -0.0057 0.0051 -0.0150 -0.0057 -0.0130 -0.0077 0.0002 0.0003 0.0006 -0.0121 0.0004 0.0002 0.6767 0.5929 0.5848 0.5741 0.7004 1.0000 0.5648 0.6731 0.6490 0.5860 0.5943 0.6134 0.6001 0.5817 0.6811 0.6135 0.6825 0.6401 0.6223 0.6695 -0.0037 0.0021 0.0139 -0.0099 0.0043 0.0101 0.0015 0.0058 0.0075 0.0043 -0.0077 -0.0003 0.0067 -0.0061 0.0079 0.0081 0.0026 -0.0061 -0.0048 0.0035
0.0092 0.0015 0.0011 0.0013 -0.0013 0.0031 -0.0001 -0.0021 0.0011 0.0164 -0.0053 0.0106 -0.0018 -0.0070 0.0049 -0.0037 0.0078 -0.0049 0.0033 0.0050 0.6723 0.5876 0.5797 0.5842 0.7010 0.5648 1.0000 0.6744 0.6458 0.5864 0.5960 0.6241 0.5977 0.5824 0.6756 0.6123 0.6911 0.6335 0.6276 0.6655 0.0174 0.0048 0.0192 0.0017 0.0163 0.0190 0.0127 0.0141 0.0043 0.0145 0.0087 0.0120 0.0134 0.0063 0.0070 0.0095 0.0179 0.0059 0.0044 0.0135
0.0086 0.0069 -0.0053 0.0014 -0.0001 0.0038 -0.0024 -0.0024 -0.0043 0.0056 -0.0050 0.0077 -0.0104 -0.0023 0.0044 0.0084 0.0018 -0.0063 0.0070 0.0025 0.7968 0.7010 0.6896 0.6778 0.8311 0.6731 0.6744 1.0000 0.7582 0.6812 0.6996 0.7346 0.7031 0.6812 0.7982 0.7285 0.8125 0.7504 0.7368 0.7843 0.0136 0.0074 0.0126 0.0028 0.0096 0.0120 0.0044 0.0089 0.0039 0.0114 0.0044 0.0036 0.0052 0.0037 0.0092 0.0084 0.0174 0.0065 0.0040 0.0091
0.0118 0.0119 0.0041 0.0086 0.0068 0.0043 0.0038 0.0065 0.0036 0.0162 0.0058 0.0110 -0.0015 0.0060 0.0130 0.0079 0.0104 -0.0055 0.0148 0.0130 0.7534 0.6640 0.6525 0.6528 0.7930 0.6490 0.6458 0.7582 1.0000 0.6585 0.6741 0.6970 0.6681 0.6544 0.7617 0.6891 0.7714 0.7171 0.7044 0.7481 0.0120 0.0056 0.0200 0.0032 0.0095 0.0145 0.0059 0.0117 0.0115 0.0147 0.0096 0.0057 0.0157 -0.0026 0.0101 0.0135 0.0123 0.0017 0.0060 0.0076
0.0150 0.0053 0.0033 0.0061 0.0046 0.0067 0.0022 0.0021 0.0032 0.0135 -0.0013 0.0064 -0.0062 -0.0011 0.0022 0.0040 0.0068 -0.0084 0.0120 0.0106 0.6878 0.6052 0.6050 0.5893 0.7168 0.5860 0.5864 0.6812 0.6585 1.0000 0.6118 0.6327 0.6066 0.5924 0.6897 0.6259 0.6962 0.6406 0.6467 0.6732 0.0046 0.0075 0.0111 0.0009 -0.0027 0.0134 0.0063 0.0060 0.0261 0.0199 0.0040 0.0103 0.0222 0.0039 0.0151 0.0109 0.0140 0.0044 0.0045 0.0125
0.0107 0.0154 0.0089 0.0149 0.0035 0.0143 0.0041 0.0075 0.0084 0.0211 0.0026 0.0155 0.0058 0.0128 0.0134 0.0131 0.0174 -0.0014 0.0147 0.0104 0.6991 0.6148 0.6044 0.5916 0.7326 0.5943 0.5960 0.6996 0.6741 0.6118 1.0000 0.6495 0.6218 0.6033 0.7012 0.6453 0.7163 0.6622 0.6520 0.6994 0.0047 0.0047 0.0126 -0.0010 0.0008 0.0081 0.0006 0.0057 0.0054 0.0121 0.0033 0.0055 0.0142 0.0003 0.0036 0.0196 0.0150 -0.0022 -0.0029 0.0054
0.0147 0.0135 0.0091 0.0092 -0.0009 0.0070 0.0034 0.0026 0.0116 0.0139 0.0034 0.0111 -0.0032 0.0154 0.0108 0.0081 0.0102 -0.0005 0.0152 0.0006 0.7298 0.6509 0.6393 0.6268 0.7639 0.6134 0.6241 0.7346 0.6970 0.6327 0.6495 1.0000 0.6462 0.6358 0.7351 0.6692 0.7442 0.6879 0.6838 0.7269 -0.0011 0.0020 0.0054 0.0020 0.0009 0.0200 0.0035 0.0056 0.0064 0.0142 -0.0001 0.0024 0.0033 0.0047 0.0089 0.0041 0.0108 -0.0011 -0.0021 0.0039
0.0017 0.0071 -0.0086 -0.0015 -0.0057 -0.0017 -0.0061 0.0029 -0.0100 0.0135 -0.0150 0.0031 -0.0050 0.0034 0.0020 0.0027 -0.0004 -0.0119 0.0007 0.0080 0.7062 0.6204 0.6064 0.6108 0.7352 0.6001 0.5977 0.7031 0.6681 0.6066 0.6218 0.6462 1.0000 0.6038 0.7045 0.6391 0.7190 0.6663 0.6506 0.6902 0.0083 0.0048 0.0034 -0.0016 0.0078 0.0021 0.0007 0.0063 0.0058 0.0047 0.0012 0.0021 0.0007 0.0008 0.0042 0.0097 0.0074 -0.0014 -0.0001 0.0062
0.0220 0.0214 0.0150 0.0200 0.0086 0.0124 0.0134 0.0136 0.0151 0.0208 0.0075 0.0169 0.0055 0.0128 0.0248 0.0206 0.0122 0.0058 0.0154 0.0267 0.6787 0.6054 0.5888 0.5892 0.7160 0.5817 0.5824 0.6812 0.6544 0.5924 0.6033 0.6358 0.6038 1.0000 0.6837 0.6176 0.6982 0.6431 0.6370 0.6690 0.0058 0.0092 0.0125 0.0049 0.0101 0.0048 0.0034 0.0087 0.0139 0.0162 0.0052 0.0054 0.0072 0.0006 0.0092 0.0130 0.0157 0.0094 0.0016 0.0099
0.0105 0.0132 0.0021 0.0070 0.0023 0.0050 0.0016 0.0037 0.0024 0.0117 0.0004 0.0148 -0.0026 0.0055 0.0104 0.0028 0.0023 -0.0076 0.0102 0.0071 0.7933 0.7002 0.6928 0.6789 0.8330 0.6811 0.6756 0.7982 0.7617 0.6897 0.7012 0.7351 0.7045 0.6837 1.0000 0.7315 0.8080 0.7540 0.7455 0.7855 0.0037 -0.0019 0.0068 -0.0069 -0.0033 0.0059 -0.0052 -0.0003 0.0003 0.0049 -0.0048 -0.0038 0.0024 -0.0051 0.0014 0.0014 0.0059 -0.0062 -0.0030 -0.0050
0.0267 0.0228 0.0085 0.0158 0.0088 0.0160 0.0098 0.0128 0.0108 0.0142 0.0057 0.0235 -0.0031 0.0115 0.0181 0.0166 0.0059 0.0014 0.0179 0.0171 0.7275 0.6381 0.6249 0.6199 0.7630 0.6135 0.6123 0.7285 0.6891 0.6259 0.6453 0.6692 0.6391 0.6176 0.7315 1.0000 0.7382 0.6867 0.6824 0.7198 0.0035 -0.0104 -0.0054 -0.0150 -0.0030 0.0041 -0.0058 -0.0029 -0.0053 -0.0025 -0.0122 -0.0052 -0.0017 -0.0130 -0.0022 -0.0032 0.0005 -0.0058 -0.0084 -0.0015
0.0060 0.0045 -0.0039 0.0006 -0.0071 -0.0010 -0.0045 -0.0028 -0.0052 0.0060 -0.0092 0.0017 -0.0130 -0.0036 -0.0030 0.0012 -0.0012 -0.0079 0.0006 0.0070 0.8112 0.7179 0.6962 0.6898 0.8478 0.6825 0.6911 0.8125 0.7714 0.6962 0.7163 0.7442 0.7190 0.6982 0.8080 0.7382 1.0000 0.7615 0.7584 0.7963 0.0161 0.0115 0.0150 0.0017 0.0097 0.0075 0.0037 0.0103 0.0118 0.0151 0.0039 0.0062 0.0126 0.0077 0.0070 0.0160 0.0138 0.0071 0.0048 0.0099
0.0081 0.0082 0.0010 0.0017 0.0008 0.0059 0.0033 0.0106 -0.0005 0.0053 -0.0047 0.0116 -0.0039 0.0038 0.0058 0.0080 0.0097 -0.0047 0.0107 0.0124 0.7493 0.6595 0.6496 0.6427 0.7797 0.6401 0.6335 0.7504 0.7171 0.6406 0.6622 0.6879 0.6663 0.6431 0.7540 0.6867 0.7615 1.0000 0.6988 0.7447 -0.0041 -0.0133 -0.0065 -0.0035 -0.0061 -0.0041 -0.0159 -0.0091 -0.0080 -0.0022 -0.0142 -0.0085 0.0008 -0.0111 -0.0061 -0.0027 -0.0036 -0.0149 -0.0147 -0.0120
0.0124 0.0141 0.0036 0.0088 0.0011 0.0066 0.0094 0.0109 0.0021 0.0099 -0.0018 0.0113 -0.0012 0.0069 0.0095 0.0123 0.0057 0.0004 0.0125 0.0115 0.7404 0.6483 0.6319 0.6354 0.7754 0.6223 0.6276 0.7368 0.7044 0.6467 0.6520 0.6838 0.6506 0.6370 0.7455 0.6824 0.7584 0.6988 1.0000 0.7288 0.0190 0.0027 0.0046 -0.0042 -0.0015 0.0179 0.0055 0.0118 0.0101 0.0103 0.0049 0.0056 0.0094 0.0076 0.0056 0.0105 0.0109 0.0044 0.0018 0.0071
0.0102 0.0139 0.0086 0.0072 0.0008 0.0066 0.0075 0.0037 0.0050 0.0143 -0.0004 0.0170 0.0017 0.0066 0.0096 0.0068 0.0120 -0.0010 0.0132 0.0090 0.7810 0.6881 0.6737 0.6708 0.8196 0.6695 0.6655 0.7843 0.7481 0.6732 0.6994 0.7269 0.6902 0.6690 0.7855 0.7198 0.7963 0.7447 0.7288 1.0000 0.0092 0.0055 0.0101 -0.0013 0.0037 0.0110 0.0021 0.0095 0.0152 0.0113 -0.0002 0.0019 0.0103 0.0023 0.0075 0.0080 0.0111 0.0021 -0.0004 0.0101
0.0061 0.0150 0.0177 0.0129 0.0089 0.0094 0.0179 0.0050 0.0120 0.0057 0.0084 0.0105 0.0091 0.0084 0.0124 -0.0022 0.0139 0.0139 0.0102 0.0092 0.0133 -0.0076 0.0023 0.0006 0.0095 -0.0037 0.0174 0.0136 0.0120 0.0046 0.0047 -0.0011 0.0083 0.0058 0.0037 0.0035 0.0161 -0.0041 0.0190 0.0092 1.0000 0.6707 0.5868 0.6291 0.5809 0.5758 0.7021 0.7126 0.5796 0.6996 0.7051 0.6961 0.6014 0.6122 0.6299 0.6098 0.7131 0.6972 0.6265 0.6887
-0.0032 0.0043 0.0095 0.0048 0.0064 0.0047 0.0120 -0.0006 0.0038 0.0116 0.0064 0.0007 0.0057 -0.0006 0.0095 -0.0030 0.0034 0.0086 0.0021 0.0054 0.0039 0.0003 0.0036 0.0086 0.0046 0.0021 0.0048 0.0074 0.0056 0.0075 0.0047 0.0020 0.0048 0.0092 -0.0019 -0.0104 0.0115 -0.0133 0.0027 0.0055 0.6707 1.0000 0.6880 0.7256 0.6771 0.6623 0.8157 0.8287 0.6759 0.8123 0.8241 0.8053 0.6922 0.7016 0.7340 0.7113 0.8294 0.8141 0.7286 0.7984
0.0089 0.0121 0.0175 0.0108 0.0185 0.0152 0.0235 0.0109 0.0138 0.0104 0.0196 0.0097 0.0120 0.0106 0.0193 0.0092 0.0214 0.0144 0.0080 0.0135 0.0059 0.0062 0.0101 0.0099 0.0083 0.0139 0.0192 0.0126 0.0200 0.0111 0.0126 0.0054 0.0034 0.0125 0.0068 -0.0054 0.0150 -0.0065 0.0046 0.0101 0.5868 0.6880 1.0000 0.6395 0.5937 0.5796 0.7124 0.7224 0.5943 0.7083 0.7202 0.7016 0.6066 0.6005 0.6433 0.6291 0.7257 0.7177 0.6402 0.7010
0.0025 0.0089 0.0117 0.0011 0.0060 0.0104 0.0111 -0.0003 0.0059 0.0097 0.0040 0.0063 0.0073 0.0031 0.0116 -0.0021 0.0132 0.0070 0.0061 0.0031 0.0024 -0.0076 -0.0004 -0.0009 0.0027 -0.0099 0.0017 0.0028 0.0032 0.0009 -0.0010 0.0020 -0.0016 0.0049 -0.0069 -0.0150 0.0017 -0.0035 -0.0042 -0.0013 0.6291 0.7256 0.6395 1.0000 0.6319 0.6275 0.7581 0.7675 0.6281 0.7578 0.7705 0.7502 0.6505 0.6497 0.6903 0.6630 0.7687 0.7598 0.6855 0.7472
0.0105 0.0227 0.0150 0.0149 0.0165 0.0119 0.0256 0.0098 0.0108 0.0065 0.0201 0.0229 0.0191 0.0064 0.0186 0.0069 0.0170 0.0260 0.0150 0.0178 0.0101 0.0035 0.0060 0.0053 0.0124 0.0043 0.0163 0.0096 0.0095 -0.0027 0.0008 0.0009 0.0078 0.0101 -0.0033 -0.0030 0.0097 -0.0061 -0.0015 0.0037 0.5809 0.6771 0.5937 0.6319 1.0000 0.5833 0.7131 0.7200 0.5907 0.7071 0.7167 0.7026 0.6069 0.6081 0.6424 0.6246 0.7186 0.7034 0.6371 0.6953
0.0080 0.0109 0.0150 0.0072 0.0177 0.0165 0.0134 0.0111 0.0139 0.0080 0.0120 0.0081 0.0174 0.0038 0.0154 0.0150 0.0116 0.0180 0.0128 0.0175 0.0113 -0.0014 0.0049 0.0010 0.0223 0.0101 0.0190 0.0120 0.0145 0.0134 0.0081 0.0200 0.0021 0.0048 0.0059 0.0041 0.0075 -0.0041 0.0179 0.0110 0.5758 0.6623 0.5796 0.6275 0.5833 1.0000 0.6983 0.7074 0.5800 0.6930 0.7034 0.6850 0.6000 0.6029 0.6310 0.6096 0.7083 0.6963 0.6251 0.6882
0.0166 0.0169 0.0166 0.0160 0.0143 0.0172 0.0245 0.0165 0.0174 0.0173 0.0180 0.0129 0.0197 0.0069 0.0193 0.0061 0.0152 0.0211 0.0160 0.0149 0.0051 -0.0060 -0.0005 -0.0024 0.0032 0.0015 0.0127 0.0044 0.0059 0.0063 0.0006 0.0035 0.0007 0.0034 -0.0052 -0.0058 0.0037 -0.0159 0.0055 0.0021 0.7021 0.8157 0.7124 0.7581 0.7131 0.6983 1.0000 0.8631 0.7015 0.8458 0.8609 0.8397 0.7215 0.7313 0.7644 0.7459 0.8645 0.8470 0.7612 0.8332
0.0155 0.0178 0.0183 0.0165 0.0197 0.0151 0.0227 0.0176 0.0166 0.0171 0.0146 0.0145 0.0224 0.0085 0.0235 0.0082 0.0174 0.0226 0.0162 0.0146 0.0080 0.0001 0.0009 -0.0001 0.0076 0.0058 0.0141 0.0089 0.0117 0.0060 0.0057 0.0056 0.0063 0.0087 -0.0003 -0.0029 0.0103 -0.0091 0.0118 0.0095 0.7126 0.8287 0.7224 0.7675 0.7200 0.7074 0.8631 1.0000 0.7220 0.8580 0.8747 0.8521 0.7358 0.7430 0.7817 0.7639 0.8778 0.8633 0.7726 0.8469
-0.0013 -0.0004 0.0049 0.0054 0.0053 0.0033 0.0138 -0.0018 0.0057 0.0095 0.0055 0.0013 0.0076 0.0022 0.0120 -0.0002 0.0066 0.0176 -0.0003 0.0118 0.0143 0.0008 0.0066 0.0056 0.0091 0.0075 0.0043 0.0039 0.0115 0.0261 0.0054 0.0064 0.0058 0.0139 0.0003 -0.0053 0.0118 -0.0080 0.0101 0.0152 0.5796 0.6759 0.5943 0.6281 0.5907 0.5800 0.7015 0.7220 1.0000 0.7003 0.7131 0.6970 0.6001 0.6078 0.6383 0.6208 0.7179 0.7013 0.6347 0.6937
0.0213 0.0198 0.0278 0.0231 0.0200 0.0235 0.0316 0.0174 0.0205 0.0211 0.0192 0.0212 0.0240 0.0125 0.0265 0.0151 0.0184 0.0242 0.0208 0.0221 0.0159 0.0027 0.0071 0.0134 0.0108 0.0043 0.0145 0.0114 0.0147 0.0199 0.0121 0.0142 0.0047 0.0162 0.0049 -0.0025 0.0151 -0.0022 0.0103 0.0113 0.6996 0.8123 0.7083 0.7578 0.7071 0.6930 0.8458 0.8580 0.7003 1.0000 0.8560 0.8348 0.7186 0.7308 0.7619 0.7409 0.8596 0.8439 0.7576 0.8254
0.0118 0.0129 0.0184 0.0183 0.0167 0.0190 0.0250 0.0135 0.0161 0.0128 0.0182 0.0170 0.0176 0.0072 0.0231 0.0093 0.0170 0.0197 0.0146 0.0080 0.0023 -0.0084 -0.0022 -0.0007 0.0016 -0.0077 0.0087 0.0044 0.0096 0.0040 0.0033 -0.0001 0.0012 0.0052 -0.0048 -0.0122 0.0039 -0.0142 0.0049 -0.0002 0.7051 0.8241 0.7202 0.7705 0.7167 0.7034 0.8609 0.8747 0.7131 0.8560 1.0000 0.8489 0.7314 0.7406 0.7726 0.7551 0.8729 0.8559 0.7740 0.8426
0.0069 0.0096 0.0163 0.0121 0.0079 0.0121 0.0178 0.0054 0.0094 0.0043 0.0122 0.0081 0.0136 -0.0009 0.0202 0.0123 0.0139 0.0182 0.0094 0.0095 0.0074 -0.0042 0.0004 -0.0025 0.0008 -0.0003 0.0120 0.0036 0.0057 0.0103 0.0055 0.0024 0.0021 0.0054 -0.0038 -0.0052 0.0062 -0.0085 0.0056 0.0019 0.6961 0.8053 0.7016 0.7502 0.7026 0.6850 0.8397 0.8521 0.6970 0.8348 0.8489 1.0000 0.7140 0.7228 0.7522 0.7383 0.8485 0.8376 0.7506 0.8223
0.0171 0.0168 0.0235 0.0206 0.0198 0.0152 0.0231 0.0116 0.0143 0.0159 0.0173 0.0191 0.0260 0.0148 0.0222 0.0056 0.0148 0.0208 0.0175 0.0222 0.0153 -0.0020 0.0117 0.0010 0.0027 0.0067 0.0134 0.0052 0.0157 0.0222 0.0142 0.0033 0.0007 0.0072 0.0024 -0.0017 0.0126 0.0008 0.0094 0.0103 0.6014 0.6922 0.6066 0.6505 0.6069 0.6000 0.7215 0.7358 0.6001 0.7186 0.7314 0.7140 1.0000 0.6193 0.6481 0.6397 0.7317 0.7193 0.6448 0.7149
0.0119 0.0133 0.0163 0.0136 0.0112 0.0171 0.0193 0.0056 0.0088 0.0089 0.0160 0.0109 0.0198 0.0092 0.0215 0.0103 0.0149 0.0170 0.0108 0.0052 0.0065 -0.0016 -0.0032 -0.0014 0.0029 -0.0061 0.0063 0.0037 -0.0026 0.0039 0.0003 0.0047 0.0008 0.0006 -0.0051 -0.0130 0.0077 -0.0111 0.0076 0.0023 0.6122 0.7016 0.6005 0.6497 0.6081 0.6029 0.7313 0.7430 0.6078 0.7308 0.7406 0.7228 0.6193 1.0000 0.6542 0.6447 0.7452 0.7297 0.6567 0.7143
0.0167 0.0211 0.0208 0.0209 0.0211 0.0234 0.0255 0.0192 0.0195 0.0251 0.0255 0.0169 0.0221 0.0196 0.0300 0.0136 0.0211 0.0269 0.0212 0.0134 0.0066 -0.0003 0.0018 0.0041 0.0076 0.0079 0.0070 0.0092 0.0101 0.0151 0.0036 0.0089 0.0042 0.0092 0.0014 -0.0022 0.0070 -0.0061 0.0056 0.0075 0.6299 0.7340 0.6433 0.6903 0.6424 0.6310 0.7644 0.7817 0.6383 0.7619 0.7726 0.7522 0.6481 0.6542 1.0000 0.6708 0.7787 0.7676 0.6888 0.7495
0.0232 0.0196 0.0328 0.0260 0.0243 0.0262 0.0293 0.0208 0.0257 0.0182 0.0180 0.0232 0.0285 0.0193 0.0338 0.0173 0.0267 0.0254 0.0282 0.0261 0.0101 0.0030 0.0076 0.0091 0.0088 0.0081 0.0095 0.0084 0.0135 0.0109 0.0196 0.0041 0.0097 0.0130 0.0014 -0.0032 0.0160 -0.0027 0.0105 0.0080 0.6098 0.7113 0.6291 0.6630 0.6246 0.6096 0.7459 0.7639 0.6208 0.7409 0.7551 0.7383 0.6397 0.6447 0.6708 1.0000 0.7553 0.7430 0.6709 0.7277
0.0119 0.0140 0.0239 0.0167 0.0133 0.0189 0.0271 0.0155 0.0177 0.0117 0.0197 0.0147 0.0194 0.0039 0.0248 0.0071 0.0260 0.0197 0.0190 0.0122 0.0148 0.0021 0.0056 0.0067 0.0168 0.0026 0.0179 0.0174 0.0123 0.0140 0.0150 0.0108 0.0074 0.0157 0.0059 0.0005 0.0138 -0.0036 0.0109 0.0111 0.7131 0.8294 0.7257 0.7687 0.7186 0.7083 0.8645 0.8778 0.7179 0.8596 0.8729 0.8485 0.7317 0.7452 0.7787 0.7553 1.0000 0.8629 0.7748 0.8467
0.0074 0.0113 0.0144 0.0104 0.0133 0.0125 0.0206 0.0103 0.0100 0.0098 0.0134 0.0076 0.0124 0.0051 0.0193 0.0044 0.0130 0.0126 0.0108 0.0073 0.0027 -0.0089 -0.0043 0.0011 0.0022 -0.0061 0.0059 0.0065 0.0017 0.0044 -0.0022 -0.0011 -0.0014 0.0094 -0.0062 -0.0058 0.0071 -0.0149 0.0044 0.0021 0.6972 0.8141 0.7177 0.7598 0.7034 0.6963 0.8470 0.8633 0.7013 0.8439 0.8559 0.8376 0.7193 0.7297 0.7676 0.7430 0.8629 1.0000 0.7659 0.8300
0.0128 0.0163 0.0161 0.0180 0.0127 0.0163 0.0279 0.0100 0.0160 0.0132 0.0204 0.0144 0.0212 0.0143 0.0219 0.0123 0.0189 0.0182 0.0160 0.0222 -0.0016 -0.0053 0.0037 0.0008 0.0011 -0.0048 0.0044 0.0040 0.0060 0.0045 -0.0029 -0.0021 -0.0001 0.0016 -0.0030 -0.0084 0.0048 -0.0147 0.0018 -0.0004 0.6265 0.7286 0.6402 0.6855 0.6371 0.6251 0.7612 0.7726 0.6347 0.7576 0.7740 0.7506 0.6448 0.6567 0.6888 0.6709 0.7748 0.7659 1.0000 0.7472
0.0053 0.0120 0.0125 0.0105 0.0145 0.0125 0.0156 0.0095 0.0136 0.0108 0.0095 0.0113 0.0185 -0.0042 0.0149 0.0072 0.0145 0.0168 0.0089 0.0092 0.0100 -0.0067 0.0086 0.0080 0.0090 0.0035 0.0135 0.0091 0.0076 0.0125 0.0054 0.0039 0.0062 0.0099 -0.0050 -0.0015 0.0099 -0.0120 0.0071 0.0101 0.6887 0.7984 0.7010 0.7472 0.6953 0.6882 0.8332 0.8469 0.6937 0.8254 0.8426 0.8223 0.7149 0.7143 0.7495 0.7277 0.8467 0.8300 0.7472 1.0000
