"","Tcell","Bcell","Myeloid","Epithelial"
"bulk01",0.573,0.085,0.101,0.241
"bulk02",0.302,0.141,0.502,0.056
"bulk03",0.098,0.459,0.232,0.212
"bulk04",0.18,0.495,0.157,0.168
"bulk05",0.281,0.341,0.156,0.221
"bulk06",0.317,0.255,0.12,0.308
"bulk07",0.431,0.216,0.312,0.04
"bulk08",0.136,0.238,0.57,0.056
"bulk09",0.058,0.184,0.389,0.368
"bulk10",0.538,0.173,0.239,0.05
"bulk11",0.104,0.703,0.036,0.158
"bulk12",0.105,0.178,0.489,0.228
